50 1785.7143
62 1797.1014
77 1811.7647
96 1846.1538
120 1860.4651
150 1851.8519
187 1860.6965
233 1856.5737
291 1859.4249
363 1861.5385
453 1860.3696
566 1825.8065
707 1858.0815
883 1993.2280
1103 1987.3874
1378 2044.5104
1722 2050.0000
2152 2034.9882
2690 1786.1886
3362 1856.9456
4202 1960.3452
5252 2049.9610
6565 1901.7961
8206 2028.1760
10257 1878.9156
12821 2001.7174
16026 1970.0061
20032 1967.1036
25040 1956.4028
31300 1945.8519
39125 1996.4281
48906 1904.4763
61132 1951.9765
76415 1975.2624
95518 1947.1217
119397 1977.8521
149246 1931.6245
186557 1927.1920
233196 1884.7243
291495 1827.3429
364368 1733.8596
455460 1627.6049
569325 1637.3276
711656 1644.9948
889570 1616.7195
