100 1554.0016
110 1562.2066
120 1574.4875
130 1333.5357
140 1402.1461
150 1478.9658
160 1566.9472
170 1541.8170
180 1557.0685
190 1233.9660
200 1497.5665
210 1506.4660
220 1253.1482
230 1236.3581
240 1353.1053
250 1240.7687
260 1211.8036
270 1077.2220
280 899.7643
290 813.3462
300 763.0028
310 728.5644
320 715.1306
330 710.7441
340 698.6570
350 704.9548
360 710.3586
370 694.1858
380 708.1217
390 710.5646
400 714.1064
410 708.5025
420 715.0489
430 718.4573
440 699.0173
450 700.6085
460 704.6389
470 711.8331
480 706.3287
490 713.2879
500 723.6120
510 735.6116
520 739.8532
530 724.7709
540 725.5887
550 729.1313
560 731.5596
570 737.7854
580 735.3269
590 735.4124
600 732.3623
610 721.9325
620 733.6059
630 723.9629
640 736.5261
650 735.6772
660 732.8165
670 731.0684
680 731.6073
690 728.2810
700 733.7408
710 731.0722
720 723.8658
730 722.1196
740 722.5389
750 719.9079
760 716.0169
770 716.9596
780 698.5301
790 663.8298
800 627.0883
810 593.3695
820 565.7372
830 552.3183
840 545.0189
850 536.3764
860 512.7774
870 480.9617
880 448.3840
890 427.8254
900 399.6362
910 383.8950
920 365.7504
930 349.1150
940 339.6103
950 327.7654
960 319.8521
970 314.0422
980 297.3263
990 285.2074
