1000 806451.6129
1250 666666.6667
1562 534759.3583
1952 434782.6087
2440 328947.3684
3050 268817.2043
3812 215517.2414
4765 172117.0396
5956 137551.5818
7445 110132.1586
9306 88105.7269
11632 68587.1056
14540 55865.9218
18175 43591.9791
22718 35075.4121
28397 27987.6854
35496 22487.0699
44370 17956.5452
55462 14361.6257
69327 11548.6777
86658 9239.5824
108322 7379.5292
135402 5897.2696
169252 4672.8972
211565 3744.1965
264456 2999.4001
330570 2403.0374
413212 1869.4384
516515 1286.2894
645643 813.4115
807053 621.0254
