0.78125 1651.6102
0.96875 1655.7285
1.20312 1544.5189
1.5 1560.1123
1.875 1576.1702
2.34375 1597.5240
2.92188 1611.7260
3.64062 1628.7231
4.54688 1632.9257
5.67188 1642.1429
7.07812 1649.1739
8.84375 1653.0942
11.0469 1660.4232
13.7969 1661.8588
17.2344 1664.5940
21.5312 1667.3800
26.9062 1668.8607
33.625 1703.2851
42.0312 1676.1809
52.5312 1672.5810
65.6562 1675.1692
82.0625 1683.1074
102.578 1685.3104
128.219 1678.3437
160.266 1678.1068
200.328 1672.3043
250.406 1667.4451
313 1620.7120
391.25 1619.4018
489.062 1620.7120
611.328 1622.4083
764.156 1619.9148
955.188 1622.5511
1193.98 1620.9242
1492.47 1620.1974
1865.58 1620.7738
2331.97 1606.0292
2914.95 1592.2361
3643.69 1592.8689
4554.61 1582.0624
5693.25 1558.2381
7116.56 1478.7662
8895.7 1225.0134
11119.6 1051.1905
13899.5 964.0423
17374.4 947.9642
21718 935.3647
27147.5 960.9735
33934.4 970.8538
42418 964.9014
53022.5 991.9430
66278.1 984.2896
82847.6 1001.9359
103559 963.4139
129449 981.5481
161812 975.5036
202265 1013.6193
252831 998.3751
316038 1012.2085
395048 1002.6002
493810 967.8841
617262 963.3671
771578 904.0909
964473 927.9700
1.20559e+06 993.2904
1.50699e+06 1001.0925
