100 1185.5365
110 1593.0580
120 1130.5201
130 1049.4387
140 1054.1683
150 1268.5585
160 973.3840
170 949.0052
180 1000.4289
190 965.7843
200 1169.6761
210 3229.6425
220 2254.0220
230 1791.2403
240 2135.6404
250 1656.3312
260 1445.9298
270 2332.5236
280 1556.7690
290 2197.0093
300 2245.6957
310 3304.2369
320 2566.5165
330 3674.7277
340 2996.9881
350 3453.0665
360 3592.3773
370 3492.9490
380 3536.3645
390 3180.5582
400 3119.2884
410 3688.5737
420 3931.7537
430 3661.8077
440 4217.1341
450 3610.2692
460 3659.8673
470 2986.8097
480 3460.2171
490 3584.4009
500 4134.0080
510 4074.2356
520 3831.1763
530 3932.6148
540 3955.3881
550 4122.9896
560 4185.3692
570 3774.3267
580 4124.4662
590 4127.8477
600 4304.3751
610 3927.2447
620 4238.1101
630 3978.6625
640 4118.6202
650 4157.5517
660 4206.1096
670 4183.8302
680 4300.4835
690 3978.7443
700 4003.3147
710 4379.9914
720 4212.6363
730 4435.6938
740 4145.2808
750 4403.6367
760 4357.7523
770 4426.1068
780 4209.9511
790 4224.2261
800 4423.2879
810 4424.3981
820 4427.7340
830 4420.4639
840 4424.1877
850 4309.7701
860 4203.3002
870 4177.6558
880 4251.5074
890 4121.3363
900 4273.7423
910 4185.9939
920 4042.3606
930 4049.7689
940 4233.9580
950 3886.1542
960 4208.4994
970 4650.2787
980 4333.4461
990 4483.9149
