100 1395.6734
110 1465.0523
120 1473.7740
130 1484.9611
140 1479.6441
150 1456.3107
160 1427.9240
170 1419.5319
180 1423.4806
190 1431.4933
200 1444.9562
210 1458.0808
220 1465.1531
230 1479.9003
240 1487.5713
250 1495.1438
260 1504.0863
270 1510.8808
280 1520.3795
290 1528.8034
300 1534.7885
310 1540.1039
320 1544.2400
330 1546.6087
340 1549.2008
350 1550.9695
360 1553.8275
370 1555.4430
380 1556.5642
390 1548.2532
400 1538.3506
410 1527.0645
420 1516.6273
430 1503.8207
440 1495.5713
450 1480.5397
460 1435.6660
470 1371.7506
480 1284.8554
490 1213.4392
500 1136.7357
510 1053.5717
520 1032.5689
530 1026.9327
540 1022.7127
550 1018.5622
560 1014.0399
570 1010.5065
580 1009.6065
590 1010.6762
600 1010.8313
610 1011.5604
620 1012.6384
630 1013.5198
640 1013.5439
650 1014.0555
660 1014.8416
670 1015.1995
680 1014.7239
690 1015.2515
700 1015.9020
710 1015.6486
720 1014.6303
730 1014.4335
740 1013.8292
750 1014.8508
760 1014.9863
770 1014.3498
780 1013.4045
790 1013.3763
800 1010.1658
810 1009.2083
820 1009.0618
830 1008.2515
840 1005.4095
850 1003.0649
860 1000.2728
870 998.0849
880 997.1394
890 996.2867
900 995.2089
910 992.5876
920 989.6597
930 987.5512
940 985.1922
950 982.7340
960 980.9897
970 978.7016
980 977.3287
990 975.2057
