100 1162.1150
110 1186.8034
120 1186.4058
130 1185.3251
140 1190.1974
150 1208.3781
160 1208.2596
170 1223.6613
180 1231.6790
190 1245.3926
200 1247.4661
210 1252.5020
220 1260.9391
230 1266.1429
240 1270.5298
250 1279.6364
260 1166.3293
270 920.0888
280 740.4834
290 640.0976
300 583.4999
310 566.8484
320 559.6966
330 549.6887
340 542.7380
350 542.0765
360 542.0043
370 545.5152
380 553.4492
390 552.0537
400 545.1169
410 542.9929
420 543.8430
430 545.9371
440 551.1476
450 556.7401
460 546.4661
470 542.4399
480 542.0379
490 539.1759
500 542.3546
510 549.4331
520 544.2444
530 541.2341
540 548.3961
550 548.9837
560 550.9772
570 555.8647
580 557.5656
590 552.4802
600 549.9437
610 550.2870
620 551.2169
630 552.8252
640 557.1208
650 552.4565
660 549.8091
670 549.7173
680 549.8394
690 552.5854
700 557.0637
710 556.1886
720 549.7770
730 550.1366
740 550.3693
750 551.6018
760 551.8455
770 556.5416
780 550.9679
790 551.3322
800 548.3413
810 553.3094
820 555.1259
830 557.7131
840 551.8266
850 549.2970
860 552.3602
870 551.2642
880 551.0850
890 553.6492
900 550.9517
910 547.8853
920 544.6210
930 541.2844
940 537.7203
950 538.4439
960 535.9696
970 529.0866
980 524.9219
990 520.8733
