100 1402.5245
110 1483.8350
120 1479.4521
130 1490.5020
140 1484.8485
150 1453.4884
160 1432.6688
170 1421.3800
180 1419.6689
190 1434.1871
200 1451.1155
210 1458.8847
220 1465.1531
230 1479.2705
240 1488.2920
250 1493.7144
260 1498.2525
270 1513.7858
280 1517.9090
290 1533.9476
300 1537.8919
310 1539.2286
320 1544.4219
330 1549.1756
340 1549.2008
350 1550.1003
360 1554.1639
370 1555.9446
380 1555.5493
390 1546.6183
400 1573.7382
410 1576.5083
420 1576.7766
430 1568.5567
440 1567.4094
450 1568.7945
460 1569.2774
470 1569.0462
480 1570.5410
490 1572.8896
500 1565.7293
510 1566.0351
520 1566.3837
530 1567.3655
540 1566.8761
550 1565.7792
560 1572.6900
570 1576.3186
580 1575.4023
590 1566.9772
600 1568.8211
610 1569.4017
620 1569.7443
630 1564.4756
640 1564.6371
650 1559.4567
660 1553.0880
670 1551.3763
680 1553.7634
690 1558.9391
700 1569.3523
710 1569.8333
720 1564.2597
730 1563.4506
740 1564.8705
750 1566.4189
760 1567.7238
770 1568.1522
780 1568.3651
790 1565.4293
800 1552.3972
810 1551.6140
820 1550.9387
830 1548.5008
840 1571.4130
850 1568.5801
860 1562.7374
870 1545.2884
880 1535.1632
890 1553.1201
900 1548.4677
910 1531.6624
920 1533.8075
930 1528.7991
940 1521.1130
950 1514.1214
960 1507.2651
970 1491.7418
980 1476.6240
990 1477.9946
