100 1165.5012
110 1168.5689
120 1184.7789
130 1179.2807
140 1180.9770
150 1202.9941
160 1202.5837
170 1209.6516
180 1214.7469
190 1218.2948
200 1211.5705
210 1203.5870
220 1189.2556
230 1174.7610
240 1156.0945
250 1149.9963
260 1062.9895
270 861.5324
280 707.4672
290 621.7164
300 571.4588
310 556.8828
320 549.7156
330 540.9063
340 534.9048
350 531.7005
360 529.4268
370 533.6501
380 540.1851
390 538.9746
400 534.4200
410 535.2027
420 535.8832
430 537.8673
440 542.2969
450 547.0279
460 540.8863
470 537.7925
480 535.7036
490 536.6342
500 542.0007
510 547.8028
520 544.0791
530 539.4505
540 539.5735
550 540.0550
560 540.9445
570 546.1680
580 545.3384
590 539.0101
600 536.8554
610 537.1982
620 538.0946
630 541.0182
640 545.3551
650 541.2178
660 538.4617
670 538.2571
680 538.4492
690 540.3184
700 544.3809
710 543.4805
720 539.9320
730 538.7413
740 538.6321
750 540.0346
760 542.4449
770 545.1078
780 541.0605
790 539.0018
800 538.9213
810 537.6392
820 540.8156
830 544.3903
840 547.4448
850 543.1834
860 543.5505
870 544.1951
880 544.6203
890 547.3309
900 547.1658
910 542.1667
920 536.2195
930 533.0071
940 527.7562
950 524.4488
960 518.2376
970 510.7222
980 504.6427
990 500.1860
