100 1407.4595
110 1472.3451
120 1462.5476
130 1475.9825
140 1456.4756
150 1455.6826
160 1449.3984
170 1447.3413
180 1452.0105
190 1463.8779
200 1466.8133
210 1472.2200
220 1480.1223
230 1483.9615
240 1490.9405
250 1497.5081
260 1494.8756
270 1510.1853
280 1530.3960
290 1530.6263
300 1534.9194
310 1537.0050
320 1540.3563
330 1542.5922
340 1544.4829
350 1546.2988
360 1550.0590
370 1550.4201
380 1552.1831
390 1555.6022
400 1555.5123
410 1558.6815
420 1556.0783
430 1560.9656
440 1563.3104
450 1563.5858
460 1564.1331
470 1566.0759
480 1566.7807
490 1567.7963
500 1566.7105
510 1568.9338
520 1570.4601
530 1569.9191
540 1570.8386
550 1571.7180
560 1572.4224
570 1573.2386
580 1573.0082
590 1573.5503
600 1575.1190
610 1574.5949
620 1575.7379
630 1576.4547
640 1576.5120
650 1577.0991
660 1576.5083
670 1577.1154
680 1576.5823
690 1576.8609
700 1576.7179
710 1576.0582
720 1575.8136
730 1575.3694
740 1576.6765
750 1578.3625
760 1577.2122
770 1578.0499
780 1577.9320
790 1578.7175
800 1578.0625
810 1579.6950
820 1581.4551
830 1579.8603
840 1570.1954
850 1561.0027
860 1545.9528
870 1549.5902
880 1544.3267
890 1541.9084
900 1537.9374
910 1533.5606
920 1530.8991
930 1526.1262
940 1524.6144
950 1518.9067
960 1516.9083
970 1517.0837
980 1515.0106
990 1505.0839
