100 1467.3514
110 1596.8806
120 1562.3870
130 1574.9104
140 1576.5585
150 1575.9981
160 1584.5261
170 1581.5226
180 1593.4426
190 1603.6942
200 1600.0000
210 1596.3113
220 1603.0109
230 1607.2655
240 1626.4486
250 1615.8221
260 1622.5997
270 1627.5685
280 1629.0909
290 1622.5800
300 1627.4864
310 1632.4730
320 1632.8483
330 1627.6921
340 1630.1611
350 1634.2049
360 1635.3886
370 1630.2077
380 1633.3140
390 1636.1380
400 1637.7711
410 1632.8895
420 1634.9373
430 1636.4347
440 1638.9891
450 1633.4451
460 1636.7519
470 1638.5559
480 1639.2743
490 1633.6168
500 1634.7455
510 1637.0907
520 1637.6427
530 1631.3768
540 1633.4355
550 1634.5086
560 1625.1862
570 1625.9191
580 1629.6203
590 1630.9046
600 1631.0996
610 1625.8219
620 1627.6567
630 1628.5463
640 1628.4866
650 1625.0817
660 1626.6284
670 1627.9591
680 1629.3629
690 1624.8785
700 1626.7566
710 1628.4152
720 1629.4628
730 1626.0397
740 1627.2847
750 1628.7164
760 1620.3309
770 1613.4274
780 1626.7547
790 1628.6561
800 1628.7966
810 1624.5982
820 1626.0130
830 1627.0504
840 1625.4810
850 1621.6277
860 1621.7561
870 1622.3222
880 1619.9681
890 1615.1621
900 1615.2798
910 1614.8855
920 1612.6279
930 1607.2915
940 1607.0335
950 1605.9005
960 1609.2312
970 1610.6127
980 1589.9078
990 1591.0897
