100 1466.2757
110 1595.9233
120 1561.6810
130 1577.1716
140 1578.8262
150 1582.2785
160 1591.9161
170 1592.5446
180 1580.0596
190 1602.1957
200 1599.2004
210 1592.8793
220 1603.1316
230 1609.4980
240 1609.2195
250 1601.9890
260 1615.1443
270 1610.8520
280 1616.0188
290 1610.6323
300 1614.2533
310 1618.7242
320 1621.8169
330 1614.1304
340 1618.9476
350 1621.6881
360 1623.9471
370 1616.3186
380 1632.0024
390 1636.0026
400 1637.2264
410 1630.4173
420 1634.6487
430 1637.7831
440 1639.2256
450 1633.6940
460 1636.9171
470 1638.1164
480 1638.9463
490 1633.2993
500 1634.2112
510 1636.2627
520 1638.2533
530 1632.0206
540 1627.9051
550 1621.9602
560 1622.4536
570 1617.8583
580 1619.0456
590 1630.5550
600 1630.4779
610 1626.2063
620 1627.4955
630 1627.0945
640 1618.5075
650 1614.3871
660 1615.4410
670 1617.3228
680 1618.2644
690 1614.3900
700 1616.1407
710 1617.4319
720 1618.5985
730 1614.9993
740 1616.7023
750 1617.6220
760 1618.7386
770 1614.9713
780 1616.4895
790 1617.7704
800 1617.8597
810 1614.4340
820 1609.7419
830 1615.9296
840 1615.5145
850 1611.3522
860 1611.7454
870 1603.9474
880 1605.1612
890 1604.6731
900 1601.2019
910 1604.0200
920 1601.8152
930 1596.8716
940 1596.0461
950 1595.7308
960 1594.2410
970 1589.2612
980 1588.8945
990 1589.5857
